0 0.004000425338745117
[[-931.99842492  256.29956685    0.          256.29956685    0.            0.            0.            0.            0.        ]
 [ 256.29956685  965.99921246    0.          -34.00078754    0.            0.            0.            0.            0.        ]
 [   0.            0.         1000.            0.            0.            0.            0.            0.            0.        ]
 [ 256.29956685  -34.00078754    0.          965.99921246    0.            0.            0.            0.            0.        ]
 [   0.            0.            0.            0.         1000.            0.            0.            0.            0.        ]
 [   0.            0.            0.            0.            0.         1000.            0.            0.            0.        ]
 [   0.            0.            0.            0.            0.            0.         1000.            0.            0.        ]
 [   0.            0.            0.            0.            0.            0.            0.         1000.            0.        ]
 [   0.            0.            0.            0.            0.            0.            0.            0.         1000.        ]]

[[-931.99842492  256.29956685    0.          256.29956685    0.            0.            0.            0.            0.        ]
 [-210.92825556 -887.37032944  277.12542563  120.35849105  277.12542563    0.            0.            0.            0.        ]
 [  67.60151631  268.15738553  959.90371703  -22.33368988  -40.09628297    0.            0.            0.            0.        ]
 [ 278.83378011   55.38649315  -13.36564978  958.55452545  -13.36564978    0.            0.            0.            0.        ]
 [  67.60151631  268.15738553  -40.09628297  -22.33368988  959.90371703    0.            0.            0.            0.        ]
 [   0.            0.            0.            0.            0.         1000.            0.            0.            0.        ]
 [   0.            0.            0.            0.            0.            0.         1000.            0.            0.        ]
 [   0.            0.            0.            0.            0.            0.            0.         1000.            0.        ]
 [   0.            0.            0.            0.            0.            0.            0.            0.         1000.        ]]

[[-931.99842492  256.29956685    0.          256.29956685    0.            0.            0.            0.            0.        ]
 [-210.92825556 -887.37032944  277.12542563  120.35849105  277.12542563    0.            0.            0.            0.        ]
 [ -49.47495588 -224.92851699 -917.06003127   45.01958651  139.61766065  290.58636528    0.            0.            0.        ]
 [ 280.47187281   62.28557714   12.89616483  957.61214217  -15.88014388   -4.06578191    0.            0.            0.        ]
 [  73.97130511  294.98474889   62.02383083  -25.99818487  950.12600641  -15.80995516    0.            0.            0.        ]
 [  17.44162463   73.45813434  279.6231944   -10.03404478  -26.77312603  956.70950609    0.            0.            0.        ]
 [   0.            0.            0.            0.            0.            0.         1000.            0.            0.        ]
 [   0.            0.            0.            0.            0.            0.            0.         1000.            0.        ]
 [   0.            0.            0.            0.            0.            0.            0.            0.         1000.        ]]

[[-9.31998425e+02  2.56299567e+02  0.00000000e+00  2.56299567e+02  0.00000000e+00  0.00000000e+00  0.00000000e+00  0.00000000e+00  0.00000000e+00]
 [-2.10928256e+02 -8.87370329e+02  2.77125426e+02  1.20358491e+02  2.77125426e+02  0.00000000e+00  0.00000000e+00  0.00000000e+00  0.00000000e+00]
 [-4.94749559e+01 -2.24928517e+02 -9.17060031e+02  4.50195865e+01  1.39617661e+02  2.90586365e+02  0.00000000e+00  0.00000000e+00  0.00000000e+00]
 [-2.32314972e+02  3.45684611e+01  9.21418648e+00 -8.79350177e+02  3.06565195e+02  5.22284628e+00  2.78358840e+02  0.00000000e+00  0.00000000e+00]
 [ 1.56570902e+02  2.99449416e+02  6.26169231e+01  2.69899317e+02  8.98186580e+02 -1.73061654e+01 -4.48379830e+01  0.00000000e+00  0.00000000e+00]
 [ 1.92341985e+01  7.35550264e+01  2.79636066e+02 -3.61248658e+00 -2.79003138e+01  9.56677035e+02 -9.73072485e-01  0.00000000e+00  0.00000000e+00]
 [ 7.47381290e+01  4.03973974e+00  5.36644370e-01  2.67735275e+02 -4.69960600e+01 -1.35380753e+00  9.59429500e+02  0.00000000e+00  0.00000000e+00]
 [ 0.00000000e+00  0.00000000e+00  0.00000000e+00  0.00000000e+00  0.00000000e+00  0.00000000e+00  0.00000000e+00  1.00000000e+03  0.00000000e+00]
 [ 0.00000000e+00  0.00000000e+00  0.00000000e+00  0.00000000e+00  0.00000000e+00  0.00000000e+00  0.00000000e+00  0.00000000e+00  1.00000000e+03]]

[[-931.99842492  256.29956685    0.          256.29956685    0.            0.            0.            0.            0.        ]
 [-210.92825556 -887.37032944  277.12542563  120.35849105  277.12542563    0.            0.            0.            0.        ]
 [ -49.47495588 -224.92851699 -917.06003127   45.01958651  139.61766065  290.58636528    0.            0.            0.        ]
 [-232.31497186   34.56846113    9.21418648 -879.35017697  306.56519459    5.22284628  278.35883983    0.            0.        ]
 [-121.43286914 -236.42196293   42.1999358  -205.15210666 -802.56199897  346.89046347  155.90850406  311.03741707    0.        ]
 [  70.63342754  172.63057384  283.41089724   84.21825357  286.54565782  889.34188409  -38.0884492   -57.50671444    0.        ]
 [  92.7982226    38.85181161    1.863003    298.59627058   63.49049344  -25.01328948  946.38830835  -20.20607433    0.        ]
 [  46.08314906   88.82843774    3.38441118   78.74664976  281.923695    -60.37086294  -33.27663601  948.44104589    0.        ]
 [   0.            0.            0.            0.            0.            0.            0.            0.         1000.        ]]

[[-931.99842492  256.29956685    0.          256.29956685    0.            0.            0.            0.            0.        ]
 [-210.92825556 -887.37032944  277.12542563  120.35849105  277.12542563    0.            0.            0.            0.        ]
 [ -49.47495588 -224.92851699 -917.06003127   45.01958651  139.61766065  290.58636528    0.            0.            0.        ]
 [-232.31497186   34.56846113    9.21418648 -879.35017697  306.56519459    5.22284628  278.35883983    0.            0.        ]
 [-121.43286914 -236.42196293   42.1999358  -205.15210666 -802.56199897  346.89046347  155.90850406  311.03741707    0.        ]
 [ -54.08107993 -144.89901003 -262.52904294  -51.75946246 -220.12829178 -836.09732975   76.16022098  196.53320078  335.46696621]
 [  95.93158441   46.82951277   15.57934919  302.01261236   76.22031001   18.33712297  943.51789314  -26.58864349   -8.42836492]
 [  55.91016722  113.84853404   46.40235525   89.46116495  321.84763172   75.58703669  -42.2789869   928.42368856  -26.43349227]
 [  21.6949058    55.23635181   94.96983001   23.65421473   88.13925365  300.15145765  -19.87430482  -44.19190792  941.64332299]]

[[-931.99842492  256.29956685    0.          256.29956685    0.            0.            0.            0.            0.        ]
 [-210.92825556 -887.37032944  277.12542563  120.35849105  277.12542563    0.            0.            0.            0.        ]
 [ -49.47495588 -224.92851699 -917.06003127   45.01958651  139.61766065  290.58636528    0.            0.            0.        ]
 [-232.31497186   34.56846113    9.21418648 -879.35017697  306.56519459    5.22284628  278.35883983    0.            0.        ]
 [-121.43286914 -236.42196293   42.1999358  -205.15210666 -802.56199897  346.89046347  155.90850406  311.03741707    0.        ]
 [ -54.08107993 -144.89901003 -262.52904294  -51.75946246 -220.12829178 -836.09732975   76.16022098  196.53320078  335.46696621]
 [ -71.02401592   -4.74400809    2.37347815 -253.5251407    38.48614181   12.51229081 -902.28518587  338.74843751   12.06864117]
 [  85.0358355   122.84561624   48.70614032  186.37560374  328.43041698   76.60318787  279.72427666  864.69005754  -30.00922737]
 [  22.89061967   55.60571453   95.06440871   27.63290245   88.40950076  300.19317432   -6.65490795  -46.80840364  941.49652615]]

[[-931.99842492  256.29956685    0.          256.29956685    0.            0.            0.            0.            0.        ]
 [-210.92825556 -887.37032944  277.12542563  120.35849105  277.12542563    0.            0.            0.            0.        ]
 [ -49.47495588 -224.92851699 -917.06003127   45.01958651  139.61766065  290.58636528    0.            0.            0.        ]
 [-232.31497186   34.56846113    9.21418648 -879.35017697  306.56519459    5.22284628  278.35883983    0.            0.        ]
 [-121.43286914 -236.42196293   42.1999358  -205.15210666 -802.56199897  346.89046347  155.90850406  311.03741707    0.        ]
 [ -54.08107993 -144.89901003 -262.52904294  -51.75946246 -220.12829178 -836.09732975   76.16022098  196.53320078  335.46696621]
 [ -71.02401592   -4.74400809    2.37347815 -253.5251407    38.48614181   12.51229081 -902.28518587  338.74843751   12.06864117]
 [ -68.60136096  -90.02190397   -6.26777127 -159.43759043 -264.95622057   50.86238956 -258.68844931 -810.23633258  406.86468261]
 [  55.2170903   100.39470964  106.63135069  100.39470964  213.26270139  305.60924009  106.63135069  305.60924009  849.57483045]]

[[-931.99842492  256.29956685    0.          256.29956685    0.            0.            0.            0.            0.        ]
 [-210.92825556 -887.37032944  277.12542563  120.35849105  277.12542563    0.            0.            0.            0.        ]
 [ -49.47495588 -224.92851699 -917.06003127   45.01958651  139.61766065  290.58636528    0.            0.            0.        ]
 [-232.31497186   34.56846113    9.21418648 -879.35017697  306.56519459    5.22284628  278.35883983    0.            0.        ]
 [-121.43286914 -236.42196293   42.1999358  -205.15210666 -802.56199897  346.89046347  155.90850406  311.03741707    0.        ]
 [ -54.08107993 -144.89901003 -262.52904294  -51.75946246 -220.12829178 -836.09732975   76.16022098  196.53320078  335.46696621]
 [ -71.02401592   -4.74400809    2.37347815 -253.5251407    38.48614181   12.51229081 -902.28518587  338.74843751   12.06864117]
 [ -68.60136096  -90.02190397   -6.26777127 -159.43759043 -264.95622057   50.86238956 -258.68844931 -810.23633258  406.86468261]
 [ -55.2170903  -100.39470964 -106.63135069 -100.39470964 -213.26270139 -305.60924009 -106.63135069 -305.60924009 -849.57483045]]

[[-0.932  -0.2109 -0.0495 -0.2323 -0.1214 -0.0541 -0.071  -0.0686 -0.0552]
 [ 0.2563 -0.8874 -0.2249  0.0346 -0.2364 -0.1449 -0.0047 -0.09   -0.1004]
 [ 0.      0.2771 -0.9171  0.0092  0.0422 -0.2625  0.0024 -0.0063 -0.1066]
 [ 0.2563  0.1204  0.045  -0.8794 -0.2052 -0.0518 -0.2535 -0.1594 -0.1004]
 [ 0.      0.2771  0.1396  0.3066 -0.8026 -0.2201  0.0385 -0.265  -0.2133]
 [ 0.      0.      0.2906  0.0052  0.3469 -0.8361  0.0125  0.0509 -0.3056]
 [ 0.      0.      0.      0.2784  0.1559  0.0762 -0.9023 -0.2587 -0.1066]
 [ 0.      0.      0.      0.      0.311   0.1965  0.3387 -0.8102 -0.3056]
 [ 0.      0.      0.      0.      0.      0.3355  0.0121  0.4069 -0.8496]]
[[-4.2919  1.864  -0.2307  1.864  -0.4613  0.     -0.2307  0.      0.    ]
 [ 0.     -3.9693  1.9071  0.3664  1.7988 -0.4988 -0.1083 -0.2494  0.    ]
 [ 0.      0.     -3.7854  0.071   0.4007  1.862  -0.0405 -0.1257 -0.2615]
 [ 0.      0.      0.     -3.9517  1.9808 -0.2633  1.9049 -0.5264 -0.0047]
 [ 0.      0.      0.      0.     -3.5366  2.0719  0.4661  1.8261 -0.5921]
 [ 0.      0.      0.      0.      0.     -3.279   0.135   0.5467  1.9175]
 [ 0.      0.      0.      0.      0.      0.     -3.7536  2.1191 -0.2679]
 [ 0.      0.      0.      0.      0.      0.      0.     -3.2172  2.3109]
 [ 0.      0.      0.      0.      0.      0.      0.      0.     -2.8482]]
QR - A: 6.8209327075408055e-15
QQ^T - I: 1.421931149214739e-15
Q^TQ - I: 1.4103301859691442e-15
